A	B	C	D	E	F	G	H	I	J	K	L	M	N	O	P	Q	R	S
258	581	510	914	184	947	868	862	416	185	574	988	388	384	34	483	535	858	406
750	254	113	479	526	365	28	438	868	550	245	484	19	392	175	316	126	3	49
445	523	460	690	736	992	215	638	705	544	883	159	701	712	620	588	839	559	534
482	845	820	885	382	544	275	523	471	212	879	29	589	909	239	781	521	697	762
77	948	14	977	973	45	838	80	391	342	943	308	375	592	722	559	98	241	369
719	816	948	592	783	479	306	809	83	102	919	659	472	305	69	491	101	10	341
350	571	304	363	608	421	539	145	147	767	606	914	67	365	16	144	864	489	456
966	367	899	51	792	315	98	977	750	680	134	266	44	976	840	378	87	343	937
56	600	165	104	591	824	803	561	166	431	248	225	979	988	937	205	295	232	247
108	845	360	952	664	351	189	515	266	366	671	435	252	487	46	535	403	961	247
230	757	564	274	937	201	731	258	583	116	46	300	955	364	161	505	806	832	828
501	119	787	769	862	674	616	518	783	441	913	751	900	937	544	666	572	974	278
573	700	785	398	85	887	64	984	230	831	891	95	354	965	731	401	429	525	477
111	344	258	87	676	983	85	342	744	486	412	614	397	892	282	952	105	495	703
209	176	941	755	330	758	438	581	23	864	976	505	623	717	692	456	97	68	527
198	509	670	263	318	995	111	954	618	309	317	736	968	56	697	399	766	718	344
493	565	572	546	371	299	953	220	364	697	59	699	290	194	535	255	392	745	637
168	996	27	51	590	717	395	884	886	625	902	347	294	189	355	220	222	909	128
329	469	994	9	134	803	28	757	287	318	237	873	343	353	531	913	871	186	683
867	358	601	267	320	8	830	136	342	520	217	847	285	264	802	309	439	338	549
935	26	246	818	211	287	324	615	999	961	994	911	136	736	31	509	907	497	38
338	402	558	327	99	537	258	72	464	755	51	888	951	762	220	543	494	865	599
715	460	611	742	540	410	413	542	370	216	71	892	989	383	51	270	596	896	619
642	710	113	344	286	434	720	33	397	389	351	15	835	850	254	713	571	788	601
726	551	411	136	563	50	535	626	409	776	29	580	987	714	885	813	543	639	155
610	751	713	526	330	93	438	421	245	142	224	100	872	533	743	342	441	193	320
68	675	653	296	948	314	303	574	823	932	329	37	493	223	214	28	132	876	777
377	241	89	485	330	31	710	451	28	69	814	949	21	543	751	68	108	318	696
573	184	387	505	92	386	746	215	185	910	699	286	751	507	421	509	210	382	183
173	419	399	163	972	316	521	622	591	152	55	775	880	537	311	663	112	779	228
338	410	657	321	314	315	204	722	253	337	942	878	364	740	406	622	616	853	91
755	488	420	54	336	728	815	869	121	134	660	626	735	404	554	779	365	868	270
628	12	794	89	851	687	891	165	73	178	373	756	339	807	922	606	822	23	696
708	713	960	111	280	836	453	527	642	80	955	400	115	185	940	163	477	167	844
671	898	888	790	227	617	934	126	214	639	408	0	984	866	920	495	817	693	149
906	575	6	269	573	579	738	818	505	25	346	606	224	300	242	917	758	425	646
972	518	74	918	228	236	522	823	51	848	770	422	288	882	780	766	957	356	599
344	616	89	681	310	263	535	375	579	685	10	212	48	19	496	927	743	195	810
243	84	464	968	829	179	537	599	608	113	569	399	469	804	115	380	0	44	832
28	741	636	529	901	304	451	828	39	950	927	986	348	256	494	200	622	728	783
935	568	787	241	184	56	426	396	831	463	442	100	916	1000	208	813	29	48	308
234	611	584	663	934	474	825	305	995	488	916	360	182	782	261	37	922	198	378
948	579	588	192	639	385	125	423	722	560	202	178	220	896	8	57	672	367	863
997	292	456	688	332	544	969	360	330	699	212	746	26	675	668	846	514	503	579
343	940	709	486	229	706	736	657	801	188	213	642	530	146	333	444	877	698	909
426	323	120	123	307	291	878	726	359	43	98	193	715	919	906	188	238	19	347
906	432	837	712	202	810	739	637	789	98	952	742	941	989	679	458	918	257	885
779	512	983	406	449	355	825	377	202	942	146	843	786	367	575	305	696	628	113
37	367	504	843	161	408	70	95	925	785	42	223	577	522	788	812	582	965	136
126	673	356	147	629	229	107	318	975	939	971	76	458	808	541	277	483	632	60
436	160	408	188	141	362	113	922	671	172	159	346	842	289	350	143	584	398	293
694	418	814	943	267	857	15	958	398	611	12	931	566	172	658	562	205	782	513
97	528	370	186	285	227	249	380	877	827	257	684	9	786	634	659	795	143	639
153	913	713	525	785	413	51	239	654	914	528	490	639	707	503	862	422	119	880
408	348	519	629	667	986	244	101	393	502	333	732	591	689	47	972	796	128	765
611	789	617	64	123	863	556	692	736	329	525	335	585	642	834	660	29	136	614
687	839	942	684	991	873	631	475	470	346	50	307	940	215	703	310	506	295	930
207	145	752	512	303	354	567	991	636	415	513	217	633	50	23	171	369	144	39
216	184	404	134	410	595	958	591	396	92	253	623	365	502	885	676	37	547	775
189	674	991	105	548	998	376	147	962	776	293	925	287	506	846	196	111	910	13
763	697	587	25	528	216	456	316	573	254	348	962	445	937	545	369	617	592	894
125	534	317	403	969	647	181	300	508	200	490	569	102	709	521	720	930	214	199
460	690	926	258	622	22	395	480	544	634	860	421	412	728	591	163	862	476	674
493	502	611	243	730	315	980	656	793	952	235	786	216	128	722	817	900	752	411
587	260	151	270	787	796	330	666	329	92	120	879	377	966	756	710	494	794	456
88	38	64	974	173	648	961	877	378	535	913	194	410	188	853	19	385	331	909
120	865	756	727	850	670	791	165	456	696	516	131	90	620	395	237	574	758	172
961	272	316	865	914	267	958	322	380	74	505	471	860	354	116	648	970	213	273
71	400	395	2	169	142	235	208	502	507	516	592	132	935	443	440	187	106	561
271	920	109	447	220	285	173	420	536	380	272	815	863	102	419	512	734	2	42
48	66	992	488	868	428	633	985	508	778	815	928	903	336	196	34	616	771	25
670	984	845	553	600	771	31	242	798	73	513	773	679	983	339	777	766	808	426
328	960	401	135	189	65	426	493	667	194	935	94	81	926	3	943	196	987	255
908	481	345	47	633	72	31	680	611	495	415	286	883	444	122	358	689	936	443
853	499	847	556	315	65	781	32	450	682	196	13	845	152	433	318	535	836	566
913	563	364	998	185	277	420	165	593	820	278	590	346	695	95	519	851	781	587
271	970	272	459	256	104	761	186	618	934	200	70	615	987	745	854	629	465	534
151	39	274	643	186	248	828	91	754	954	479	8	432	733	593	55	326	730	275
529	806	613	129	912	304	658	106	924	402	316	655	516	800	938	950	416	820	567
290	84	288	77	772	650	590	840	264	588	855	720	879	11	381	125	665	717	858
589	946	814	964	22	188	591	449	266	740	34	832	394	369	167	163	46	645	216
527	588	150	858	180	839	702	481	777	837	172	780	475	477	879	433	592	89	263
947	53	648	404	707	913	521	341	898	718	117	586	681	242	876	247	74	985	583
866	58	481	331	211	193	394	947	228	344	933	54	431	942	411	65	376	338	81
569	415	735	290	226	121	811	863	182	889	259	211	357	55	543	960	957	57	352
23	642	56	564	568	2	675	385	44	224	105	4	487	539	920	956	131	405	727
319	877	544	252	457	591	731	532	214	676	210	748	80	986	802	267	62	825	594
577	469	255	893	67	452	532	237	734	742	936	713	20	137	879	667	967	391	834
485	46	852	502	432	113	641	340	774	450	323	157	363	978	889	140	39	990	454
709	573	425	111	384	715	105	464	393	382	75	906	145	785	314	618	99	907	116
63	209	0	580	80	188	175	20	615	948	642	136	447	328	700	87	877	354	678
379	815	101	631	507	508	350	969	416	430	904	169	40	324	671	913	602	603	223
655	604	819	283	30	513	764	152	260	635	985	581	391	261	969	153	60	577	27
785	315	962	564	608	946	232	249	316	908	445	52	317	708	126	47	486	379	313
360	90	130	57	216	167	685	50	58	572	249	812	152	879	12	269	855	864	764
759	712	848	870	595	444	102	53	285	443	259	137	320	577	173	561	105	438	121
259	497	386	536	991	879	500	886	455	817	134	397	144	552	479	931	535	557	482
663	268	931	876	755	375	669	744	56	935	350	433	280	832	229	913	531	164	887
269	137	864	257	535	0	26	664	47	177	148	593	830	755	252	49	180	783	840
526	518	831	240	525	184	951	392	382	531	643	471	802	461	573	984	515	250	510
842	348	489	751	598	624	725	37	111	797	983	600	492	642	895	381	273	547	108
487	568	974	776	753	86	712	612	804	425	779	898	492	261	325	450	909	332	447
598	38	971	811	52	406	167	211	520	216	861	387	262	524	204	679	213	434	542
719	571	370	82	628	809	993	492	159	596	407	118	60	879	693	722	182	431	851
156	127	519	341	255	999	359	154	171	844	795	77	884	324	507	511	64	192	372
521	932	640	382	189	275	554	455	997	16	299	601	690	510	824	154	563	740	878
361	230	869	929	239	375	883	479	81	658	718	677	915	568	439	175	386	435	463
999	225	63	344	274	541	86	477	139	393	744	456	521	184	58	838	59	429	425
294	421	99	313	815	941	553	52	255	869	87	399	31	116	332	417	789	592	884
51	546	911	469	465	172	140	781	181	481	565	314	795	371	327	229	201	717	589
201	214	55	688	547	504	454	87	736	692	282	161	24	449	549	849	989	98	922
184	88	199	913	279	899	1	42	938	974	507	82	402	326	395	499	574	540	720
460	11	425	970	745	68	384	233	38	77	406	703	112	72	916	139	343	374	685
279	739	485	361	12	940	180	952	448	200	516	66	677	295	480	221	776	16	845
844	229	340	225	84	868	933	748	231	944	394	448	929	691	290	712	559	523	222
29	2	725	24	941	179	445	213	11	139	306	449	901	126	182	718	108	861	966
343	686	603	76	224	507	449	579	858	805	39	947	134	401	490	48	847	536	569
805	336	680	74	362	971	408	933	619	346	896	83	271	84	720	589	48	445	156
236	665	869	494	612	412	661	537	649	863	135	764	801	251	206	441	365	360	385
483	76	729	163	340	479	819	312	83	115	381	289	656	855	600	635	334	742	229
307	603	390	909	80	556	989	252	747	712	921	514	983	882	87	728	389	893	120
915	897	151	641	691	662	780	605	294	724	510	563	432	812	353	227	578	473	125
272	428	267	229	523	836	463	979	243	695	3	512	409	313	586	631	388	530	202
583	896	622	887	206	83	368	380	147	791	297	86	904	273	813	508	108	680	996
20	163	252	423	754	977	940	931	361	379	188	424	32	756	154	229	922	178	583
219	399	365	853	851	910	895	535	507	729	424	253	76	35	516	171	602	447	906
868	561	760	910	412	178	33	527	984	163	176	242	541	604	827	623	989	204	810
578	649	560	338	154	856	386	227	487	933	950	258	48	682	981	772	233	294	238
847	839	617	638	517	612	495	920	791	217	251	588	197	362	970	719	92	50	379
248	78	353	193	11	255	518	764	606	453	390	512	13	222	418	147	328	770	378
559	360	470	884	857	491	620	983	116	87	708	569	601	664	467	505	348	752	77
474	425	626	327	822	777	601	692	737	92	678	271	192	311	918	553	328	97	234
151	0	616	280	507	690	570	111	268	358	505	275	738	927	132	44	496	330	813
197	54	146	862	79	164	117	489	1	209	215	927	200	936	44	900	703	762	498
37	730	964	90	171	538	713	3	781	340	532	378	519	597	337	19	29	268	480
21	819	350	611	951	468	730	88	253	220	839	200	179	922	124	784	895	129	974
102	113	894	721	111	219	938	141	380	529	588	685	206	140	970	715	413	241	18
241	365	645	950	920	860	378	689	361	951	48	761	896	931	639	686	446	32	854
498	948	432	387	950	396	619	971	443	615	799	834	658	653	338	870	804	238	957
266	286	968	272	846	123	132	471	664	319	235	446	517	358	882	43	202	308	198
70	755	696	68	307	540	291	601	777	922	419	151	409	565	855	124	703	498	136
298	807	975	613	606	801	852	121	122	569	706	493	646	894	263	489	160	774	479
288	471	469	635	577	554	480	76	456	585	529	987	643	92	50	67	122	219	310
941	836	266	250	101	519	188	919	647	75	342	985	78	795	63	760	207	121	357
426	721	364	993	422	946	231	755	739	421	82	237	593	18	68	178	219	412	368
104	394	513	932	536	354	41	27	667	156	174	807	816	683	314	59	398	250	120
599	682	700	7	211	792	334	657	987	371	824	770	137	335	758	902	215	861	696
254	204	284	438	110	290	631	389	45	465	401	222	729	356	171	15	770	366	600
545	303	285	323	815	32	509	960	157	634	113	876	752	405	155	259	437	652	687
766	608	651	472	496	576	829	792	300	98	869	868	213	328	802	55	79	649	405
317	225	660	13	567	417	719	141	434	160	286	468	452	532	119	837	357	856	589
966	236	950	374	39	389	803	190	60	636	457	307	22	289	718	990	257	276	839
822	888	166	102	280	905	54	997	850	41	511	408	465	253	394	494	621	258	950
331	403	648	613	29	601	266	713	379	683	887	538	671	324	234	987	805	822	463
284	950	752	925	886	727	118	259	33	947	960	272	137	810	754	655	833	414	543
80	663	390	557	707	159	136	772	783	1000	357	54	245	960	119	276	625	554	456
736	606	833	786	877	893	718	331	832	632	135	389	597	931	980	30	900	972	195
440	643	983	189	691	101	510	941	379	728	517	130	604	367	908	412	975	137	788
978	184	710	649	177	367	327	427	533	597	640	964	765	824	816	880	796	938	518
111	324	819	90	569	222	664	952	566	931	171	265	912	546	624	113	713	124	52
165	808	452	798	971	281	446	687	857	895	982	219	391	625	274	127	846	221	888
321	188	938	292	490	814	564	431	672	609	235	787	423	71	185	317	940	187	798
660	519	172	125	279	779	815	603	191	214	481	921	68	479	418	559	916	219	55
511	426	925	965	200	130	632	844	313	934	741	676	310	109	819	860	388	701	662
82	129	645	476	622	691	70	515	76	547	310	73	503	935	511	612	368	705	589
991	20	26	354	215	585	601	855	432	632	295	8	272	69	732	997	707	823	154
170	637	496	115	536	665	998	232	577	935	55	621	95	541	7	302	257	946	863
886	409	281	406	447	517	416	500	129	52	328	813	238	455	230	246	628	982	117
994	318	851	936	693	172	997	24	836	397	657	120	870	392	751	665	928	217	282
206	35	799	39	843	707	338	453	938	439	347	515	286	708	966	477	350	965	909
543	243	838	92	967	939	224	102	657	691	290	344	251	501	424	215	887	995	595
243	567	324	678	434	114	400	885	477	612	646	505	152	48	589	211	474	66	610
194	305	383	127	864	52	500	687	421	476	247	334	87	321	874	160	826	80	912
724	351	182	776	505	169	542	664	549	752	36	978	290	377	682	123	870	869	400
705	215	952	403	422	443	11	263	510	305	939	599	456	148	746	322	593	198	59
535	373	637	907	481	408	819	318	255	457	532	541	116	937	355	426	223	528	646
447	975	90	124	894	789	438	378	659	74	535	335	4	892	258	896	544	78	980
43	556	568	246	599	835	52	442	66	781	589	713	68	349	779	323	618	208	513
226	334	720	472	19	279	755	384	785	295	242	281	684	376	863	478	907	161	56
55	72	408	153	634	185	284	816	865	76	527	6	521	387	205	689	629	640	773
195	644	696	486	429	164	698	388	62	192	213	422	683	674	767	291	608	855	928
942	677	896	932	919	868	278	243	925	851	614	961	168	394	473	399	474	545	368
192	312	388	757	349	199	957	211	716	384	559	552	37	338	640	936	620	229	143
371	418	476	154	542	436	235	365	697	309	984	123	960	259	696	437	872	875	53
818	461	670	364	615	250	775	289	466	127	477	117	938	543	761	287	225	398	718
113	522	52	397	473	980	625	885	667	290	126	586	495	666	309	608	971	382	976
27	574	540	484	976	143	2	818	306	229	882	997	613	392	482	752	858	4	489
226	765	460	807	512	834	770	371	331	996	45	421	383	484	48	562	279	108	584
652	946	930	766	138	73	839	991	779	515	508	976	395	688	912	467	352	65	677
818	298	614	276	738	223	643	18	868	130	990	640	962	777	821	29	789	823	880
621	881	864	863	596	268	10	484	507	143	207	182	971	803	638	199	994	320	620
189	444	949	801	653	926	386	644	106	35	312	368	871	755	861	800	93	470	108
607	63	414	502	92	24	553	191	932	304	755	978	306	351	729	689	998	544	45
334	886	872	657	726	70	892	833	267	696	388	258	212	962	426	441	133	147	583
457	122	864	856	609	261	437	307	839	606	174	801	312	562	427	74	749	790	944
55	709	635	688	251	596	162	751	245	840	934	449	782	554	17	663	324	117	714
213	452	226	443	758	9	495	16	478	80	649	313	83	685	550	647	807	381	624
833	849	376	20	800	142	347	510	689	378	180	749	89	968	5	602	840	795	1000
412	159	992	601	14	701	778	164	592	541	486	174	605	255	662	510	31	263	478
575	800	751	286	423	501	854	88	687	303	205	980	787	23	361	56	646	83	318
23	827	299	816	62	766	271	712	559	887	830	745	866	642	515	448	514	892	32
280	927	277	141	684	995	795	830	386	815	193	757	986	258	289	636	119	268	369
740	342	719	109	894	146	16	499	837	293	546	217	571	379	324	367	457	208	47
102	381	541	584	776	9	511	516	373	350	919	151	822	651	208	355	790	410	487
672	39	125	885	846	179	965	147	940	875	124	900	706	61	196	374	95	334	625
317	240	0	851	758	157	482	225	832	203	920	792	162	135	545	570	699	795	92
394	391	221	859	753	207	45	721	223	380	841	532	32	324	573	716	398	690	392
574	552	894	328	458	349	133	449	284	989	480	791	977	397	308	689	741	40	191
758	123	782	538	881	156	262	682	636	58	877	520	994	76	246	396	733	249	121
601	73	494	563	438	807	280	591	140	336	778	557	688	755	241	69	548	697	508
8	506	410	875	763	504	991	545	208	283	485	140	182	649	367	724	198	163	117
163	645	852	991	870	689	1	152	971	224	713	814	732	249	341	421	887	648	44
453	741	902	661	441	673	389	353	157	571	424	184	988	530	760	816	832	550	889
289	364	160	642	434	26	83	468	831	781	379	528	747	486	28	646	44	887	488
627	690	36	891	960	507	111	187	434	188	211	893	453	899	305	519	270	793	182
975	664	439	400	650	287	867	104	740	822	277	390	452	812	96	605	606	522	470
672	142	552	488	89	136	479	690	168	806	701	541	861	494	29	843	268	157	667
921	422	38	214	893	999	56	281	356	234	203	69	326	431	593	856	770	127	219
449	218	740	860	934	927	330	103	340	471	11	836	504	367	673	171	567	863	999
985	28	928	964	983	380	487	991	845	305	816	252	210	19	51	961	949	285	822
215	779	446	549	962	919	445	662	555	148	199	749	655	754	356	55	402	247	593
834	357	787	526	489	969	797	413	883	63	71	774	405	950	214	587	889	167	542
363	103	379	695	847	849	309	732	901	878	736	950	757	797	465	407	999	139	548
142	572	865	546	924	640	256	176	117	764	351	617	483	584	243	560	249	8	571
393	513	230	612	776	581	698	886	140	633	293	166	354	602	128	926	302	67	326
868	156	471	507	631	976	796	621	492	440	470	705	735	953	807	390	135	698	488
422	512	233	306	572	227	561	573	717	476	81	531	955	529	610	277	703	133	360
317	496	115	574	596	993	212	141	351	764	408	758	992	853	991	176	520	734	246
274	412	964	155	998	396	213	40	494	927	225	925	929	624	823	260	387	85	407
918	832	166	843	5	143	234	972	904	211	495	865	719	33	319	199	890	767	791
266	6	882	647	451	124	312	945	152	731	221	570	377	760	634	342	774	582	618
528	510	656	224	910	631	522	497	477	716	752	864	240	318	113	86	417	944	984
120	750	483	449	231	730	306	710	220	42	892	400	164	792	784	946	829	291	431
387	847	90	487	938	72	615	439	679	171	601	808	27	813	835	40	664	330	694
338	278	804	162	937	670	573	283	783	134	881	344	801	800	127	87	443	557	679
878	511	932	351	709	354	20	786	894	25	682	505	795	492	506	485	228	848	864
565	596	892	389	447	532	330	46	152	244	414	165	487	280	595	464	815	483	697
891	828	638	418	230	929	402	416	569	563	521	153	877	844	464	720	667	679	301
388	120	55	366	928	732	436	201	274	592	222	773	277	509	677	832	396	386	36
982	302	57	598	441	90	404	413	844	401	801	509	254	689	950	380	898	564	104
924	828	715	609	217	11	95	141	643	241	711	726	885	174	139	509	981	408	164
366	510	3	721	233	422	92	670	512	483	714	996	158	767	709	193	346	701	399
996	419	955	30	749	519	742	710	333	964	142	523	665	673	713	50	565	563	559
609	112	661	438	815	333	249	750	215	801	566	350	447	713	710	267	543	529	572
788	114	584	187	422	366	257	200	124	591	365	126	35	207	359	199	667	570	580
576	477	254	820	892	401	433	933	238	432	952	930	638	762	752	474	269	364	92
238	681	625	983	867	234	965	939	366	638	345	396	923	872	953	611	502	79	390
714	70	316	470	351	512	825	225	259	266	169	472	557	815	135	729	479	808	605
452	352	540	874	97	94	985	344	152	725	765	999	467	764	171	117	283	849	754
554	732	14	27	729	723	576	503	966	915	769	111	558	889	207	142	911	552	580
761	497	527	358	809	639	250	369	800	941	386	356	998	376	183	925	885	167	409
522	458	931	349	464	168	157	23	822	957	103	25	919	454	928	97	762	621	738
410	949	180	368	775	530	498	972	531	513	781	796	125	840	39	814	910	617	353
46	153	303	535	904	759	450	472	923	550	685	188	481	174	350	781	851	597	524
297	651	471	437	661	146	544	863	354	465	766	390	183	977	691	838	775	578	783
147	206	242	694	974	313	920	636	272	264	86	355	253	702	222	943	33	989	706
56	363	776	93	609	499	836	873	372	265	703	720	27	119	429	606	764	544	52
41	620	396	570	781	500	305	949	691	0	322	352	826	990	695	831	33	966	24
10	838	415	407	590	790	71	780	859	7	219	513	144	212	330	921	203	752	187
265	210	269	891	726	758	456	993	679	528	318	539	836	795	78	757	374	985	552
924	842	879	436	72	594	485	166	118	741	419	576	724	70	708	727	473	992	691
131	443	609	402	642	713	589	387	484	229	292	172	591	407	738	340	264	934	541
974	741	134	696	377	530	867	814	402	52	369	631	218	861	482	956	917	813	939
247	106	186	437	200	858	912	483	314	354	20	473	88	261	515	961	90	170	691
445	379	266	452	590	439	101	27	513	556	35	284	670	932	538	252	290	393	910
535	722	541	220	675	495	26	713	596	142	486	237	314	618	962	31	386	359	617
67	168	308	114	458	618	757	571	765	610	372	297	26	966	828	568	715	477	242
70	50	63	846	537	292	320	536	763	55	719	358	794	524	596	390	174	127	517
198	854	475	138	116	788	951	266	792	285	835	96	661	638	758	403	242	383	924
863	292	938	964	703	294	799	491	535	589	759	409	175	906	442	860	66	77	607
854	442	10	919	874	558	948	125	688	179	406	332	583	833	516	941	488	871	237
734	138	807	940	356	888	252	772	614	429	181	86	18	140	647	167	806	837	799
222	422	704	930	274	333	583	675	492	385	229	529	911	156	739	754	690	744	6
505	273	356	728	390	592	864	814	43	985	696	981	57	444	516	11	242	145	765
59	237	977	631	82	932	381	68	64	576	678	684	805	163	49	975	138	731	159
171	381	679	485	692	811	431	905	894	857	803	379	478	664	411	288	78	856	467
517	550	54	368	512	906	905	590	968	641	640	344	229	568	216	922	112	891	761
410	208	452	166	18	380	387	822	880	834	421	157	485	856	514	668	665	825	271
662	721	375	254	746	416	144	272	911	959	361	760	460	916	571	338	14	727	13
353	942	310	643	513	505	679	247	684	795	207	891	440	888	923	146	366	245	824
484	989	73	817	986	468	479	660	582	72	196	317	1000	153	734	78	359	900	949
814	945	923	578	398	446	788	664	107	968	296	921	111	397	754	609	339	935	851
869	883	599	816	390	214	711	559	751	536	864	735	464	579	320	301	740	36	948
956	51	994	184	987	755	673	746	187	341	682	69	656	893	574	127	768	330	83
714	432	597	294	683	920	517	303	462	632	321	556	609	679	177	605	311	354	682
873	762	493	477	615	122	496	687	452	722	533	682	645	393	956	365	869	5	171
483	585	636	767	507	844	522	377	674	10	239	725	505	244	247	921	164	113	543
609	329	226	289	732	960	783	616	353	778	862	321	45	758	185	430	847	177	936
900	987	124	410	537	626	412	210	32	94	819	639	436	427	919	943	560	637	513
276	210	69	277	545	111	218	280	251	567	894	420	961	142	694	530	430	341	232
364	565	377	424	209	765	781	829	226	228	849	739	117	403	183	189	619	488	670
291	664	640	692	192	558	445	832	47	201	596	266	188	299	842	203	77	306	214
658	884	461	479	213	883	900	851	402	429	323	894	214	80	929	623	206	189	148
599	791	837	60	562	254	725	527	59	463	375	792	31	429	769	997	695	525	455
816	779	353	183	644	337	520	249	950	381	302	941	55	300	245	897	27	256	796
934	377	751	941	156	168	980	164	640	991	165	532	238	212	915	463	896	142	982
640	531	820	492	423	869	160	586	690	961	910	937	210	452	623	415	605	912	157
433	880	896	101	239	942	469	152	221	906	810	110	980	317	877	956	514	423	565
132	26	76	301	424	466	895	645	711	460	647	284	954	463	343	640	823	935	691
946	995	143	183	443	323	676	977	343	529	590	598	190	644	796	452	974	548	492
619	427	45	241	719	18	656	563	973	569	572	328	208	248	657	80	859	927	61
207	183	358	957	754	293	21	18	774	551	86	930	965	372	108	483	267	348	540
883	306	447	473	265	500	207	318	72	634	580	619	949	657	716	55	787	326	979
979	340	132	199	206	519	987	887	859	968	595	219	688	532	227	696	300	314	285
130	204	921	825	450	291	297	438	487	637	858	601	385	401	651	108	717	391	228
16	555	838	112	598	476	810	92	29	957	829	807	364	105	343	133	300	80	752
162	481	923	710	386	741	805	859	938	890	702	355	605	273	139	148	33	652	395
835	54	990	545	456	953	975	638	203	186	317	548	160	33	341	765	488	296	844
622	464	186	629	99	882	739	594	971	838	581	14	187	832	883	524	63	636	630
340	651	759	309	743	830	117	19	734	349	473	426	172	565	449	312	966	486	123
956	850	790	143	608	278	573	898	192	715	826	264	16	244	679	481	365	860	458
274	842	21	57	700	751	42	575	241	635	325	849	289	394	262	721	101	124	1
858	228	455	706	641	428	167	417	176	251	606	467	578	342	733	70	447	54	657
159	196	127	762	790	962	18	900	355	282	649	368	183	94	928	86	33	62	705
759	716	621	255	107	535	509	441	208	800	614	893	314	355	180	678	930	262	301
184	51	854	751	126	950	202	409	309	526	310	890	867	83	425	139	999	515	954
856	272	722	229	663	608	906	786	994	922	173	705	262	879	631	862	268	520	959
176	576	796	879	641	710	454	170	602	9	160	396	586	91	728	537	532	951	165
653	797	214	54	918	722	538	101	743	147	553	442	577	747	813	197	542	448	268
165	736	918	51	520	393	840	720	973	652	276	168	855	43	588	263	33	633	534
970	708	467	991	493	180	446	46	465	438	826	528	28	443	292	49	969	126	659
847	288	873	400	579	872	406	696	559	805	389	364	666	245	733	380	974	374	446
813	302	381	880	215	205	411	761	113	629	817	342	802	666	824	988	614	703	315
308	253	826	865	12	345	242	369	631	313	342	480	65	641	540	385	38	850	948
183	377	158	906	922	702	1000	209	392	536	80	344	264	594	233	637	894	661	904
171	704	579	886	415	343	445	533	980	866	922	863	929	910	2	542	253	874	966
882	529	578	51	997	674	256	222	645	163	572	452	245	282	173	398	75	133	89
661	856	834	607	913	131	446	658	310	742	600	140	786	842	748	406	619	29	532
103	528	279	352	989	170	408	61	998	363	717	913	669	355	872	623	159	191	770
340	342	576	724	308	310	944	740	897	172	2	54	199	894	431	500	72	753	517
428	532	396	581	233	314	567	621	130	300	697	631	983	467	460	27	287	727	759
161	452	916	499	194	144	59	627	727	18	826	587	281	477	968	182	937	532	380
153	795	285	54	760	455	248	133	833	856	242	685	463	357	291	973	279	869	553
26	334	321	393	156	280	348	222	374	899	902	930	884	552	185	795	981	463	739
833	66	262	772	378	465	507	520	674	990	722	426	966	251	221	639	234	803	424
11	276	906	110	230	838	864	291	722	862	292	73	982	304	322	794	257	779	849
903	263	160	596	627	720	434	582	780	684	930	828	187	329	2	527	207	18	477
190	957	144	210	902	502	689	682	431	366	559	441	326	521	808	664	123	826	647
854	171	70	501	906	16	524	812	775	523	71	241	198	888	408	223	505	517	609
21	612	6	808	40	892	609	362	702	550	940	541	163	801	424	277	216	283	915
769	690	140	889	151	105	183	992	314	846	541	799	224	594	300	923	500	323	138
365	706	787	887	356	391	202	351	926	491	496	757	954	646	390	553	691	164	844
404	518	255	630	835	834	406	9	195	709	422	482	344	984	40	982	962	764	995
615	47	439	502	610	215	220	70	961	778	835	650	299	740	139	122	373	606	395
182	74	503	940	628	961	548	843	445	3	963	563	881	946	683	404	349	997	397
768	714	105	200	729	215	826	460	752	175	698	639	485	425	288	100	356	27	362
325	204	95	923	548	331	364	430	567	642	796	677	381	481	56	552	708	979	684
701	372	841	269	255	719	731	914	797	42	320	69	376	38	84	929	16	806	284
885	854	541	918	228	281	155	280	940	277	363	547	63	720	349	612	974	791	147
827	656	614	840	968	991	577	786	995	461	720	172	231	989	646	249	333	903	684
421	673	442	460	297	625	348	477	157	959	515	933	568	687	621	856	122	36	651
821	402	33	68	774	965	701	298	482	215	315	47	490	393	204	674	266	494	902
165	442	412	811	508	726	181	692	809	652	493	972	19	764	758	923	12	661	570
760	923	196	325	903	583	113	726	590	415	712	999	306	374	916	756	315	901	319
557	809	63	423	398	384	396	351	203	883	249	118	741	120	716	109	646	931	0
949	817	258	532	373	115	687	840	843	684	483	47	845	977	155	622	145	573	337
606	537	294	102	719	42	379	757	563	789	830	499	969	446	871	49	125	351	833
117	799	888	459	32	984	698	569	471	897	748	189	562	808	691	229	373	558	316
416	163	345	817	182	253	758	365	968	614	239	342	787	269	263	689	304	790	374
850	270	430	437	453	314	980	231	604	76	451	703	573	724	828	683	29	594	991
798	382	443	827	941	306	543	955	672	932	714	6	526	480	257	22	763	994	711
116	114	385	257	510	74	503	788	495	681	11	85	273	212	581	620	667	716	149
665	287	869	813	621	300	45	225	597	683	811	857	472	29	500	360	848	284	796
804	995	827	780	121	942	68	971	640	543	745	69	85	750	575	317	416	570	680
158	425	367	111	852	335	415	803	571	855	137	560	112	136	941	869	374	697	898
523	201	648	980	877	188	303	549	71	119	410	507	608	442	888	91	219	654	699
907	499	534	562	80	739	533	360	385	964	2	547	895	682	946	687	474	138	86
238	186	650	723	710	866	150	510	171	59	682	321	813	229	492	508	369	636	738
482	499	888	170	785	420	723	601	938	73	896	528	886	477	691	1000	234	123	197
833	126	321	874	30	46	690	968	722	380	10	54	407	523	719	282	517	757	146
746	998	364	721	123	305	777	274	357	230	977	33	522	508	222	873	870	256	363
475	302	79	28	734	600	244	373	461	984	5	201	628	339	923	408	701	158	207
984	313	385	708	624	354	527	497	91	602	962	566	462	658	773	577	638	70	371
785	705	905	751	830	840	701	812	378	980	960	673	618	586	58	298	14	166	24
320	449	269	126	764	951	79	157	382	977	509	557	78	928	974	240	201	777	778
815	223	69	857	959	368	99	657	882	936	685	102	57	194	265	31	118	601	216
607	533	923	992	616	513	87	408	549	237	926	942	841	636	42	668	672	223	219
607	54	321	492	511	835	29	684	697	779	316	287	484	494	49	592	733	425	951
389	613	355	663	671	857	678	64	684	755	15	3	804	297	739	98	863	815	256
744	867	330	933	365	108	82	451	638	563	648	338	301	431	662	968	825	132	113
793	218	285	561	157	376	621	683	558	403	832	222	747	637	920	928	133	910	647
273	590	666	837	411	920	612	339	881	939	810	818	425	858	390	565	630	928	687
326	573	726	870	26	685	240	337	914	710	860	621	508	152	901	750	924	63	162
220	141	186	286	929	192	718	723	594	981	41	630	486	947	734	610	396	153	696
472	634	244	153	892	977	165	70	860	658	719	804	913	640	43	675	971	46	145
560	825	142	219	414	463	83	128	76	235	879	332	920	46	492	504	886	877	707
742	399	377	432	978	735	9	183	5	223	620	547	932	10	46	990	426	184	635
422	817	820	905	1000	557	732	538	494	659	460	681	449	729	9	282	603	51	589
579	821	67	475	653	214	35	866	847	884	859	38	873	342	891	135	778	321	747
92	87	550	886	945	168	962	911	840	817	756	422	410	999	558	814	107	718	278
648	893	568	408	153	922	983	996	971	771	631	655	686	139	437	650	376	112	943
10	9	587	668	806	415	504	202	262	932	678	264	617	514	406	941	405	646	782
716	306	112	673	467	372	69	200	438	195	646	829	325	258	940	178	670	977	291
402	737	173	168	589	597	753	972	54	503	620	999	273	12	472	170	191	647	848
173	171	901	617	131	90	3	240	169	694	392	671	99	16	106	749	500	230	429
0	534	545	812	448	263	219	810	637	742	589	532	31	334	583	84	982	497	134
959	385	445	968	903	345	308	899	603	790	235	168	64	400	453	514	796	642	825
60	185	826	613	484	312	779	437	135	23	873	307	849	128	726	929	979	918	172
187	504	258	79	712	444	765	311	588	21	746	877	882	47	242	864	20	240	202
146	882	650	663	545	753	700	936	649	111	300	562	908	825	1000	308	859	13	264
259	817	276	411	538	906	714	628	818	907	467	510	810	978	536	687	576	953	571
364	75	0	51	874	550	115	835	363	859	905	200	674	183	195	36	203	747	324
439	555	236	761	342	259	202	820	540	5	808	471	647	728	160	990	113	477	27
207	674	614	304	299	386	448	332	84	18	635	286	197	890	487	375	542	379	282
37	596	382	500	496	652	452	204	663	44	709	719	625	12	169	187	230	264	831
460	614	368	910	501	642	644	385	749	357	10	943	5	152	852	864	53	365	707
657	25	619	359	288	263	638	653	11	557	523	436	859	748	227	884	191	328	712
616	651	969	285	568	7	375	665	929	19	398	514	118	746	141	442	357	380	849
436	885	321	348	18	123	381	124	532	632	488	30	177	311	977	326	564	821	364
730	773	683	244	318	682	33	323	481	367	111	731	662	456	343	671	862	271	181
244	884	262	90	732	579	529	99	609	28	456	187	12	349	489	293	971	435	656
217	651	767	834	252	839	736	21	218	833	329	178	607	361	851	237	830	902	398
100	566	384	495	402	39	281	753	800	602	598	888	581	607	113	352	616	298	567
560	325	421	495	692	195	11	687	831	780	330	967	46	535	663	135	678	409	553
141	137	960	355	66	156	444	716	254	23	983	335	198	739	41	977	289	170	846
91	535	373	52	864	230	73	779	269	65	877	82	999	641	962	470	27	451	206
461	227	706	348	488	814	763	420	346	402	684	479	87	111	921	326	898	630	211
962	58	548	483	939	186	530	434	89	996	575	60	913	78	620	930	731	472	629
931	839	870	183	228	489	705	542	581	614	527	990	801	984	175	120	453	14	422
909	794	404	781	603	760	459	361	896	208	970	447	571	477	918	692	135	750	691
207	408	39	416	87	851	12	688	327	613	917	568	55	876	698	762	714	210	878
495	526	487	846	985	198	774	854	794	615	274	544	745	807	414	738	680	850	959
959	724	953	513	157	294	797	412	687	443	312	758	446	625	224	231	272	410	284
286	995	56	921	854	960	406	680	783	940	541	887	862	847	380	552	893	125	405
508	481	173	838	123	199	428	521	990	975	957	872	209	959	48	62	478	143	533
263	213	403	82	591	205	782	47	291	863	693	153	384	338	767	812	563	907	484
419	193	717	610	260	251	761	9	244	190	98	29	294	144	531	888	166	682	570
699	208	751	453	658	805	229	649	33	663	967	837	832	73	550	682	4	333	842
801	179	833	960	345	764	485	705	146	663	90	558	890	397	970	28	404	962	9
413	828	621	402	637	265	673	66	849	679	761	654	549	293	287	664	433	272	951
766	143	650	615	194	968	79	37	923	632	651	252	407	606	636	853	962	696	165
266	241	433	575	148	336	875	510	634	995	312	765	533	457	348	992	963	178	530
782	355	945	858	35	993	442	339	488	733	116	293	631	341	120	252	669	52	338
337	570	48	484	739	576	131	357	714	503	585	642	270	85	34	890	738	185	152
163	228	174	701	48	435	894	387	419	266	578	73	942	183	294	335	841	585	672
485	681	574	994	738	412	530	787	222	452	621	253	959	230	348	541	17	355	577
96	460	586	948	525	542	212	497	366	942	839	896	649	206	698	107	437	243	198
495	198	827	344	620	525	805	360	949	201	348	235	922	78	96	720	499	686	934
121	966	322	524	154	383	793	239	659	853	577	364	63	242	915	454	488	11	635
82	812	347	849	455	937	861	248	629	264	11	444	624	356	165	463	383	744	354
824	130	381	140	906	979	566	644	968	199	220	967	713	722	601	475	39	322	576
260	626	115	863	923	573	30	719	449	684	140	892	256	141	734	83	127	3	657
461	169	772	416	546	3	556	448	891	173	660	198	276	876	29	590	656	806	382
129	462	46	391	194	354	965	899	378	139	672	66	146	468	921	924	660	826	447
23	685	61	619	101	508	957	705	900	506	348	654	116	822	893	377	876	890	385
905	78	89	383	606	380	934	15	10	479	335	91	311	338	747	427	939	729	113
886	477	397	253	424	535	338	410	78	357	0	383	325	304	468	929	315	225	361
17	199	946	263	648	147	281	505	96	16	691	204	257	175	428	611	51	769	997
382	288	964	325	701	832	693	604	181	432	268	128	617	168	975	797	119	822	662
150	463	576	374	772	677	166	4	240	582	612	910	227	770	913	98	66	265	838
45	309	563	922	29	453	725	709	335	972	717	10	473	820	730	986	71	190	714
803	379	610	655	254	892	383	560	834	691	201	864	264	734	166	916	89	136	960
383	678	658	294	277	925	146	213	675	328	81	723	458	205	499	430	696	792	94
418	187	720	684	335	865	448	468	926	972	319	152	776	385	770	506	312	156	181
224	771	472	868	870	113	896	685	655	624	324	286	714	561	963	958	643	416	666
996	154	585	49	759	76	687	195	20	311	964	908	989	203	875	946	137	193	907
450	965	64	551	102	857	946	747	403	659	973	376	835	478	169	116	114	671	627
214	201	472	879	110	871	181	451	685	187	111	267	910	853	807	39	763	687	825
582	255	252	396	800	149	748	856	704	828	18	734	65	570	860	925	62	525	476
669	190	553	408	426	540	509	551	422	790	620	515	853	786	468	889	291	348	781
866	126	656	16	664	50	417	74	545	415	688	431	359	44	756	997	509	877	704
0	665	943	624	178	762	241	538	911	408	357	28	618	563	621	696	51	500	868
960	583	300	525	552	493	0	145	363	574	445	856	909	272	522	223	805	345	115
996	505	309	778	786	91	493	623	995	495	183	836	608	939	743	422	206	920	444
50	476	330	838	675	536	585	212	598	115	219	19	98	659	645	578	773	589	154
269	726	452	231	361	80	171	923	256	122	644	83	591	381	185	751	550	148	978
586	476	597	881	512	146	421	162	242	201	462	16	835	62	436	365	690	960	189
286	753	85	36	754	664	532	354	940	777	172	984	108	387	953	951	229	362	122
568	65	806	11	863	73	97	161	80	663	619	530	388	678	874	260	685	372	275
693	979	745	705	961	466	996	731	737	819	214	915	777	598	241	401	332	725	49
280	606	917	84	65	234	815	524	906	55	847	996	746	974	581	490	336	378	185
737	354	392	561	397	343	632	755	95	489	227	628	908	77	400	646	16	698	722
758	298	39	497	116	108	879	942	435	832	279	123	328	252	961	963	418	878	731
851	128	709	122	451	68	716	764	12	417	654	144	992	826	362	700	123	752	818
664	227	94	904	201	880	249	763	458	41	83	158	465	920	704	53	757	162	410
310	260	869	788	792	317	787	801	744	241	546	729	14	226	223	180	996	89	150
983	618	343	299	737	730	917	913	981	561	962	356	600	134	29	772	124	459	215
115	352	587	227	164	761	96	394	959	559	501	127	111	64	604	157	672	373	500
9	240	323	931	701	1	375	489	771	511	433	349	252	580	782	888	204	324	340
19	980	200	430	447	807	91	181	692	89	442	790	214	555	931	856	63	482	184
340	633	678	504	423	711	727	534	516	196	50	92	623	393	859	776	191	967	596
150	851	449	148	817	260	921	387	683	276	624	929	648	622	815	595	770	560	963
544	847	947	469	119	442	321	72	323	763	38	78	561	731	43	100	774	488	977
847	595	328	61	707	871	196	301	508	938	597	62	854	151	913	105	627	687	150
345	750	404	645	158	550	431	748	409	317	274	796	841	795	472	793	817	18	208
940	862	593	278	522	733	420	489	52	237	150	129	517	183	880	310	677	591	732
360	119	650	988	663	541	576	569	179	164	557	826	169	5	123	321	172	543	385
797	895	349	839	992	842	656	471	733	400	321	387	149	882	993	726	62	327	188
127	806	245	34	678	505	82	181	516	791	488	778	343	984	900	95	766	838	415
267	484	93	991	540	935	769	729	464	959	877	801	372	840	607	831	863	886	70
644	22	185	491	874	942	667	868	152	919	832	999	585	893	231	656	392	522	198
74	591	962	424	734	885	22	673	853	105	953	506	913	147	532	741	357	240	747
113	906	946	846	712	435	764	584	841	873	114	510	758	184	834	612	473	592	320
753	370	247	842	653	764	619	542	373	196	906	666	391	466	51	878	403	915	679
786	465	393	219	891	73	609	578	147	308	303	286	307	904	826	871	738	489	155
269	512	875	19	93	426	533	222	771	857	510	359	997	422	536	542	182	179	170
542	727	242	4	203	742	426	186	641	455	130	66	760	339	199	967	219	320	69
952	499	916	272	680	943	238	767	53	365	125	35	110	970	913	607	315	906	886
259	468	393	273	112	271	110	628	612	305	655	267	652	949	460	203	29	785	200
740	311	701	635	12	320	434	464	169	245	368	649	614	71	842	837	799	416	815
